##########
#Data paper 
##########


#From MacAvoy et al.(2005)
#Data were retrieved using plot reader (https://jornbr.home.xs4all.nl/plotreader/) 
MacAvoy<-list(t=c(1,14,28,42,56,70,84,98)-1,# -1 to correct to time 0
              W=c(17.68,19.20,20.22,20.48,21.28,20.79,21.49,22.00),
              tSI=c(1,28,56,84,112)-1,#-1 to correct to time 0
              SI=c(6.04,7.66,8.02,8.44,8.60),
              SIdiet=5.9,
              CVeW=0.03, #1 means there are replicates, 0 = No, alternatively you can provide a value between 0 and 1
              CVeSI=0.042) #1 means there are replicates, 0 = No, alternatively you can provide a value between 0 and 1
              #Wmax=30)# Maximum body mass in g

#From Guelinckx et al.(2007) 
#Data were retrieved using plot reader
Guelinckx<-list(t=c(0,10,10,10,20,20,20,30,30,30,45,45,45,60,60,60,90,90,90),
                W=c(0.98,0.92,1.01,1.10,1.02,1.11,1.21,1.03,1.23,1.42,1.35,1.55,1.74,1.56,1.76,1.95,1.78,2.06,2.35),
                tSI=c(0,0,0,0,0,0,10,10,10,20,20,20,30,30,30,45,45,45,60,60,60,90,90,90),
                SI=c(15.66,15.77,16.11,16.17,16.40,16.74,15.27,15.39,15.48,14.45,14.60,14.70,13.93,14.58,15.32,13.85,14.14,14.5,13.43,13.52,13.69,13.04,13.08,13.44),#15N for muscle diet D1
                SIdiet=9.14,# values for food 15N
                CVeW=1, #1 means there are replicates, 0 = No, alternatively you can provide a value between 0 and 1
                CVeSI=1) #1 means there are replicates, 0 = No, alternatively you can provide a value between 0 and 1
                #Wmax=14)# Maximum body mass in g

#From Nuche-Pascual et al.(2018) 
# Data were retrieved from the authors 
NucheF<-list(t=c(0, 11, 11, 11, 11, 11, 11, 11, 11, 11, 11, 11, 11, 11, 11, 11, 11, 11, 11, 20, 20, 20, 20, 20, 20, 20, 20, 20, 20, 20, 20,
                 20,20, 20, 27, 27, 27, 27, 27, 27, 27, 27, 27, 27, 27, 27, 27, 27, 27, 34, 34, 34, 34, 34, 34, 34, 34, 34, 34, 34, 34, 34,
                 34,34, 41, 41, 41, 41, 41, 41, 41, 41, 41, 41, 41, 41, 41, 41, 41, 48, 48, 48, 48, 48, 48, 48, 48, 48, 48, 48, 48, 48, 48,
                 48,55, 55, 55, 55, 55, 55, 55, 55, 55, 55, 55, 55, 55, 55, 55, 62, 62, 62, 62, 62, 62, 62, 62, 62, 62, 62, 62, 62, 62, 62,
                 69,69, 69, 69, 69, 69, 69, 69, 69, 69, 69, 69, 69, 69, 69, 76, 76, 76, 76, 76, 76, 76, 76, 76, 76, 76, 76, 76, 76, 76, 83,
                 83,83, 83, 83, 83, 83, 83, 83, 83, 83, 83, 83, 83, 83, 90, 90, 90, 90, 90, 90, 90, 90, 90, 90, 90, 90, 90, 90, 90, 97, 97,
                 97,97, 97, 97, 97, 97, 97, 97, 97, 97, 97, 97, 97),
             W=c(21.5,  31.0,  31.0,  32.0,  31.0,  28.0,  26.0,  29.0,  27.0,  30.0,  29.0,  24.0,  31.0,  29.0,  34.0,
                 30.0,  26.0,  32.0,  27.0,  36.0,  40.0,  32.0,  40.0,  37.0,  35.0,  35.0,  38.0,  28.0,  39.0,  43.0,
                 38.0,  34.0,  38.0,  29.0,  48.0,  52.0,  38.0,  45.0,  45.0,  46.0,  41.0,  48.0,  46.0,  45.0,  46.0,
                 43.0,  51.0,  52.0,  39.0,  54.0,  58.0,  56.0,  52.0,  49.0,  56.0,  55.0,  57.0,  54.0,  62.0,  47.0,
                 61.0,  55.0,  54.0,  58.0,  78.0,  56.0,  65.0,  82.0,  77.0,  64.0,  75.0,  71.0,  72.0,  71.0,  66.0,
                 71.0,  69.0,  70.0,  77.0,  78.0,  86.0, 101.0,  95.0,  85.0,  83.0,  83.0,  85.0,  87.0,  99.0,  86.0,
                 86.0,  98.0,  83.0,  88.0, 105.0,  76.0, 108.0, 129.0,  95.0,  75.0,  82.0,  97.0,  84.0,  97.0,  97.0,
                 93.0,  87.0, 105.0, 106.0, 100.0, 104.0, 119.0,  96.0, 125.0, 105.0,  95.0, 102.0, 112.0, 109.0,  99.0,
                 106.0, 124.0, 104.0, 101.0, 130.0, 103.0, 154.0, 102.0, 120.0, 108.0, 132.0, 108.0, 122.0, 103.0, 101.0,
                 114.0, 126.0, 121.0, 124.0, 128.0, 121.0,  97.0, 146.0, 118.0, 120.0, 127.0, 135.0, 135.0, 105.0, 114.0,
                 143.0, 128.0, 130.0, 134.0, 143.0, 146.0, 122.0, 170.0, 101.0, 122.0,  82.0, 141.0, 123.0, 148.0, 135.0,
                 165.0, 113.0, 127.0, 118.0, 162.0, 127.0, 121.0, 178.0, 174.0, 137.0, 172.0, 102.0, 147.0, 135.0, 130.0,
                 155.0, 132.0, 116.0, 127.0, 154.0,  75.0, 185.0, 196.0, 216.0, 168.0, 133.0,  89.0, 174.0,  86.0, 181.0,
                 150.0, 140.0, 169.0, 179.0),
             tSI=c(0,0,0,12,12,28,28,49,49,63,63,91,91,98,98,98),
             SI=c(11.01,10.78,11.21,12.14,11.94,12.23,12.21,12.67,12.30,12.71,12.63,12.79,12.64,12.92,12.69,13.05),
             SIdiet=10.65,
             CVeW=1,#1 means there are replicates, 0 = No, alternatively you can provide a value between 0 and 1
             CVeSI=1) #1 means there are replicates, 0 = No, alternatively you can provide a value between 0 and 1
             #Wmax=193600)# Maximum body mass in g


